8 0 9 6 1 6 5 9 3 3 8 6 3 1 8 6
5 9 6 0 7 8 2 8 9 0 7 0 1 7 8 7
7 2 5 8 5 6 6 2 5 3 8 2 5 2 1 6
0 7 0 7 8 2 0 4 5 3 0 1 5 9 0 6
1 0 5 6 8 9 4 7 6 3 3 5 4 0 8 8
8 9 0 6 0 4 5 7 4 0 4 4 0 5 5 1
0 6 2 0 1 6 8 4 9 3 9 2 9 8 9 0
8 6 6 2 5 1 6 8 9 0 4 1 0 1 9 5
5 0 1 3 2 0 3 7 5 7 4 2 6 4 9 2
3 6 0 7 2 4 7 3 2 7 5 6 6 0 4 4
7 8 3 0 4 8 9 9 5 9 3 9 6 1 8 4
2 2 3 3 6 7 7 5 0 1 6 3 3 9 0 3
9 6 6 2 4 5 4 1 9 9 4 1 6 6 1 1
4 4 1 8 5 9 7 9 5 8 3 5 3 8 7 2
5 7 2 8 3 6 9 8 8 5 2 8 7 1 6 9
2 8 5 1 3 9 8 6 0 5 9 4 5 9 4 7
