0 8 6 2 7 7 3 7 4 2 5 1 0 1 7 9
8 6 4 5 6 5 4 3 2 9 7 3 3 0 9 5
3 2 3 2 6 5 7 7 6 8 2 9 0 1 7 4
0 7 2 8 1 0 8 2 6 3 2 1 3 8 0 1
1 3 6 9 3 7 1 4 7 4 3 3 1 3 2 1
8 8 2 6 8 8 7 4 7 4 4 7 0 0 3 7
2 6 6 7 5 2 2 9 0 6 3 8 0 7 6 4
8 0 6 3 1 4 7 9 8 9 6 5 1 8 2 4
9 7 0 6 2 7 5 6 7 0 5 6 0 2 7 1
3 4 8 0 6 4 1 9 0 0 8 5 3 1 9 1
4 5 9 2 2 1 7 6 4 2 2 1 8 7 9 9
6 2 0 6 1 0 8 1 1 2 6 2 9 4 8 5
9 2 2 1 6 6 9 5 7 6 8 8 0 7 8 9
2 6 8 0 9 6 1 1 5 3 3 0 1 1 6 7
1 4 6 0 2 4 8 8 6 1 5 6 4 8 1 9
0 8 7 4 5 1 3 5 9 7 3 4 6 1 5 8
